crossing time (s)	slope (V/s)	crossing number
281474976710655.000000	33.565575	6432	0.000000
281474976710655.000000	35.736858	6433	0.000000
281474976710655.000000	30.169653	6434	0.000000
281474976710655.000000	28.176712	6435	0.000000
281474976710655.000000	41.122536	6436	0.000000
281474976710655.000000	27.745060	6437	0.000000
281474976710655.000000	32.048717	6438	0.000000
281474976710655.000000	25.811909	6439	0.000000
281474976710655.000000	32.064926	6440	0.000000
281474976710655.000000	27.301613	6441	0.000000
281474976710655.000000	28.247517	6442	0.000000
281474976710655.000000	30.715145	6443	0.000000
281474976710655.000000	30.696146	6444	0.000000
281474976710655.000000	34.677498	6445	0.000000
